Function: y = 1/x + x
x* = 0.8, y = 2.05


Points: [0.1, 0.5, 0.9, 1.3]

-Lagrange interpolation:
L(x) =  -26.30*(x - 0.5)(x - 0.9)(x - 1.3) +  19.53*(x - 0.1)(x - 0.9)(x - 1.3) -15.71*(x - 0.1)(x - 0.5)(x - 1.3) +  5.39*(x - 0.1)(x - 0.5)(x - 0.9)
Value: 1.8256410256410254
Error: 0.22435897435897445
-Newton interpolation:
P(x) = 10.10 - 19.00*(x - 0.10) + 22.22*(x - 0.10)*(x - 0.50) - 17.09*(x - 0.10)*(x - 0.50)*(x - 0.90)
Value: 1.8256410256410267
Error: 0.22435897435897312


Points: [0.1, 0.5, 1.1, 1.3]

-Lagrange interpolation:
L(x) =  -21.04*(x - 0.5)(x - 1.1)(x - 1.3) +  13.02*(x - 0.1)(x - 1.1)(x - 1.3) -16.74*(x - 0.1)(x - 0.5)(x - 1.3) +  10.78*(x - 0.1)(x - 0.5)(x - 1.1)
Value: 1.4993006993006994
Error: 0.5506993006993004
-Newton interpolation:
P(x) = 10.10 - 19.00*(x - 0.10) + 18.18*(x - 0.10)*(x - 0.50) - 13.99*(x - 0.10)*(x - 0.50)*(x - 1.10)
Value: 1.4993006993007012
Error: 0.5506993006992986
